37 10 27 26
27
15 17 55 93 
87 5 1 67 
90 38 75 69 
75 70 69 33 
40 21 25 59 
11 61 97 90 
19 86 91 40 
94 69 6 71 
36 66 65 75 
45 22 88 69 
92 49 28 5 
56 71 47 93 
67 25 9 55 
80 15 42 54 
19 65 74 0 
13 60 72 20 
31 4 32 9 
5 94 87 17 
32 56 67 62 
32 92 34 47 
38 97 72 69 
60 51 90 20 
23 11 55 79 
48 88 55 31 
76 8 73 51 
38 38 88 73 
38 92 22 24 
34 18 22 26
14
31 26 61 15 
88 3 60 79 
13 12 85 93 
38 7 69 44 
0 35 85 24 
18 82 9 0 
9 99 30 67 
29 66 71 43 
89 29 48 22 
26 40 43 72 
47 94 38 25 
53 94 34 30 
22 77 24 12 
94 97 8 49 
31 16 20 33
44
72 92 50 47 
41 41 4 9 
59 47 18 60 
92 12 76 24 
43 83 46 14 
64 0 44 51 
42 58 49 91 
20 98 5 64 
33 54 0 55 
43 90 84 11 
90 24 70 75 
59 63 20 81 
20 83 5 32 
14 91 24 72 
47 99 5 82 
92 12 88 61 
41 53 26 38 
12 21 80 53 
99 34 24 39 
29 69 92 78 
38 67 71 36 
92 72 49 41 
29 27 7 44 
85 1 19 77 
36 9 33 5 
36 81 68 98 
3 52 33 79 
67 84 42 78 
6 26 44 24 
41 52 68 69 
4 85 9 84 
14 36 67 97 
15 46 3 20 
35 87 42 57 
99 72 33 40 
38 69 74 44 
85 29 37 58 
57 95 36 83 
40 64 1 51 
72 84 84 66 
84 35 64 20 
81 21 43 19 
84 86 24 68 
18 28 30 34 
31 16 29 24
42
98 9 40 19 
10 19 79 71 
85 90 84 14 
87 66 55 3 
5 53 63 63 
86 17 73 70 
70 67 65 12 
33 66 40 7 
85 99 67 75 
95 45 10 61 
41 71 33 93 
1 10 81 51 
73 27 29 56 
1 35 98 81 
35 69 48 43 
54 67 37 19 
49 77 29 88 
99 79 7 59 
43 1 21 14 
83 79 68 60 
86 13 38 5 
37 84 6 49 
0 86 39 26 
96 66 7 74 
34 14 44 24 
80 92 52 93 
20 69 12 99 
13 84 97 56 
0 88 57 40 
28 31 81 65 
70 79 87 12 
40 81 63 76 
94 47 80 69 
35 43 80 93 
61 44 85 68 
71 7 36 15 
89 83 25 8 
9 66 45 2 
33 78 54 0 
5 39 53 38 
6 36 4 65 
4 27 20 56 
30 16 27 27
42
46 12 94 63 
43 71 22 56 
55 54 66 28 
2 77 35 56 
89 79 88 21 
90 46 62 35 
2 70 11 61 
62 68 0 46 
86 61 55 20 
84 90 57 33 
17 97 83 51 
69 75 63 26 
92 63 66 28 
75 57 93 99 
50 58 60 72 
60 60 94 87 
53 20 41 41 
22 14 72 98 
22 54 4 93 
63 10 66 26 
7 84 69 98 
1 72 71 29 
68 56 70 25 
30 84 73 56 
2 95 98 48 
34 22 4 77 
91 67 6 20 
53 99 36 40 
92 33 65 75 
91 95 85 81 
49 12 73 66 
44 46 68 37 
81 47 91 67 
11 17 92 85 
80 92 6 34 
66 50 75 68 
19 29 33 96 
18 97 65 6 
10 17 98 21 
48 38 32 44 
99 68 38 6 
8 68 28 74 
34 18 29 19
49
89 51 15 99 
36 4 46 15 
13 72 18 84 
82 84 56 94 
19 70 36 41 
59 62 34 97 
11 69 60 51 
0 58 55 38 
2 66 17 59 
2 99 85 44 
92 17 30 27 
49 54 23 23 
11 34 55 70 
43 53 39 26 
16 17 87 67 
44 94 14 55 
16 80 81 15 
66 97 92 19 
85 92 49 41 
31 7 48 57 
45 36 40 66 
3 84 95 48 
27 90 43 84 
12 17 0 97 
3 75 10 69 
72 8 57 14 
41 35 84 51 
4 97 95 8 
69 29 21 7 
54 47 52 31 
84 33 88 75 
53 7 7 67 
92 51 38 56 
96 78 84 37 
79 25 24 67 
99 43 43 29 
95 34 15 82 
95 92 43 55 
23 78 84 38 
20 81 60 34 
28 17 59 53 
58 39 11 90 
44 84 28 28 
23 84 31 41 
89 58 80 19 
92 24 72 99 
7 83 32 18 
94 45 16 98 
64 90 39 82 
38 19 27 16
28
22 25 38 10 
64 14 32 38 
47 43 49 62 
0 41 41 4 
44 59 45 75 
6 93 95 98 
68 30 63 32 
45 48 56 99 
86 24 96 67 
85 61 35 93 
50 93 70 51 
96 54 97 23 
48 34 38 25 
44 96 49 28 
29 39 42 33 
50 99 93 98 
86 49 75 76 
44 74 18 83 
23 52 24 12 
22 44 2 13 
32 40 83 10 
10 31 54 90 
74 67 37 46 
18 1 42 51 
0 72 64 47 
78 21 78 74 
15 54 1 92 
71 36 5 85 
33 12 20 35
6
15 82 87 55 
94 85 1 77 
36 72 64 22 
9 73 12 50 
79 54 34 11 
61 9 94 56 
33 16 21 30
19
61 52 9 89 
0 32 35 17 
85 9 52 93 
19 1 37 43 
89 79 83 98 
24 55 5 82 
94 89 48 6 
87 31 24 32 
66 63 15 84 
62 75 21 76 
37 95 64 70 
1 41 91 60 
72 51 66 51 
78 20 13 5 
47 27 94 11 
83 29 29 53 
84 20 27 56 
85 52 81 14 
57 6 60 29 
39 13 28 20
27
97 87 33 36 
65 73 53 46 
50 9 37 35 
80 9 92 8 
65 10 86 81 
13 35 75 19 
69 52 93 72 
59 84 15 12 
46 41 14 96 
95 92 88 10 
66 81 5 75 
15 46 33 48 
13 52 63 79 
47 99 39 61 
12 13 67 13 
80 81 86 65 
94 24 88 39 
95 96 13 73 
22 75 14 31 
30 99 4 23 
18 44 58 6 
21 35 64 47 
1 52 83 81 
25 75 30 85 
94 39 80 91 
58 94 52 16 
39 90 57 71 
