30 13 22 35
36
65 59 66 75 
46 34 44 39 
47 54 69 40 
77 9 15 58 
81 75 38 43 
94 82 54 90 
44 46 0 43 
31 25 65 72 
92 66 88 33 
64 7 35 95 
73 19 83 69 
95 8 30 36 
86 20 76 25 
94 81 78 82 
5 75 30 0 
33 0 8 22 
88 97 47 11 
20 82 94 73 
39 43 70 74 
98 85 94 36 
15 64 57 10 
48 40 78 11 
88 5 28 88 
77 35 61 72 
11 61 80 98 
60 19 15 3 
26 3 85 50 
10 3 84 20 
80 94 84 69 
43 97 73 48 
19 36 22 15 
53 5 96 4 
81 98 63 36 
4 96 75 95 
48 54 84 44 
54 27 0 85 
32 10 20 38
41
50 92 29 13 
88 32 79 24 
97 99 49 21 
7 81 69 12 
39 48 15 84 
18 89 20 88 
13 29 93 92 
35 36 94 45 
96 13 53 89 
68 50 48 71 
17 51 98 49 
4 63 37 73 
57 88 45 72 
92 24 64 61 
71 40 0 58 
39 87 89 60 
4 4 24 93 
27 80 43 89 
99 44 66 66 
91 71 84 50 
91 19 34 46 
91 22 52 72 
49 92 17 28 
49 89 32 30 
62 37 44 0 
39 43 46 77 
44 55 73 48 
57 97 70 0 
56 50 67 19 
52 42 69 82 
51 51 44 34 
62 15 39 9 
11 36 4 53 
26 84 10 48 
73 57 2 35 
48 4 14 52 
21 17 72 99 
22 13 77 19 
68 62 48 87 
99 11 14 28 
16 63 37 21 
39 11 27 23
36
39 18 46 95 
40 33 33 47 
36 91 13 45 
43 39 87 98 
58 85 84 63 
35 23 49 61 
43 73 19 85 
67 93 60 4 
43 0 60 3 
66 82 79 34 
29 1 50 7 
98 68 85 76 
76 38 62 7 
32 10 35 15 
69 84 52 66 
14 47 80 43 
31 8 2 43 
78 83 31 76 
5 50 34 34 
72 41 63 74 
88 42 9 28 
30 53 72 33 
64 45 34 81 
30 13 19 81 
20 7 76 90 
66 42 97 92 
6 86 1 81 
75 1 43 28 
21 77 77 71 
38 51 13 78 
35 68 78 33 
49 49 45 91 
30 53 13 65 
65 73 8 46 
45 16 21 43 
51 90 58 63 
30 10 26 34
27
36 48 42 69 
93 97 54 97 
63 63 43 57 
41 10 51 22 
87 77 62 48 
68 30 26 22 
29 69 27 44 
10 15 31 42 
89 92 55 82 
10 44 71 68 
18 11 83 81 
72 64 2 41 
39 36 75 24 
43 11 84 6 
21 20 39 24 
70 9 86 48 
31 0 67 48 
54 68 11 42 
5 94 29 57 
46 44 49 65 
67 86 5 74 
39 7 99 78 
7 49 61 89 
5 47 97 9 
24 35 50 71 
97 53 86 70 
24 33 18 49 
38 12 25 25
38
71 73 56 83 
4 11 8 24 
1 89 41 5 
7 21 37 57 
96 20 32 11 
94 78 68 14 
0 34 50 6 
88 50 96 80 
89 84 18 31 
91 14 5 13 
26 25 69 7 
11 80 62 2 
96 60 52 61 
94 47 81 92 
5 41 83 69 
61 2 36 51 
93 60 15 23 
3 5 66 82 
15 19 84 68 
8 60 2 19 
72 47 10 27 
97 35 85 42 
2 25 25 49 
30 35 52 24 
89 18 14 51 
64 39 99 90 
94 70 45 75 
63 13 84 45 
39 63 97 13 
92 8 54 57 
75 73 20 77 
79 17 51 79 
67 60 79 90 
45 51 55 33 
48 19 33 27 
89 9 78 89 
41 80 10 66 
38 38 32 81 
36 15 27 22
45
18 22 10 77 
18 65 8 2 
34 93 0 87 
8 63 64 72 
75 26 68 65 
94 31 35 99 
6 85 41 28 
28 97 26 88 
75 64 15 26 
8 55 9 23 
1 75 55 47 
79 23 58 74 
73 59 5 36 
88 10 95 86 
86 11 70 32 
24 80 74 36 
67 11 11 43 
48 38 64 19 
17 44 63 18 
75 88 19 83 
26 66 54 68 
92 89 99 65 
68 28 40 96 
85 76 99 20 
1 19 80 67 
11 14 25 35 
94 85 19 44 
46 76 11 97 
92 87 6 58 
26 6 43 77 
12 46 75 20 
98 67 34 41 
45 42 17 56 
8 51 72 12 
40 18 74 6 
70 54 18 91 
17 42 4 97 
70 40 94 94 
75 2 55 64 
39 5 37 27 
51 77 99 3 
59 54 89 40 
15 93 18 7 
32 37 7 58 
27 83 3 55 
36 13 27 24
3
48 22 80 6 
96 7 73 35 
81 46 55 92 
35 11 23 31
31
53 64 82 76 
22 87 62 37 
94 97 37 55 
1 81 64 14 
6 95 55 36 
73 83 44 8 
20 83 25 85 
82 14 3 12 
51 41 2 98 
53 94 81 60 
59 43 11 99 
70 18 33 99 
81 40 86 59 
59 96 88 69 
20 74 56 39 
61 77 55 79 
93 24 4 60 
79 66 60 11 
13 95 76 30 
71 44 38 1 
49 25 3 42 
28 44 53 54 
53 32 77 78 
38 42 98 82 
87 31 5 45 
13 73 20 15 
79 74 45 64 
20 57 98 75 
36 54 89 35 
74 13 50 49 
71 49 7 46 
38 18 27 17
35
96 94 43 40 
39 92 88 76 
5 88 62 53 
98 88 34 95 
34 1 42 84 
52 63 7 74 
80 56 74 64 
66 74 26 97 
2 74 68 25 
14 58 36 44 
66 13 30 86 
50 97 50 82 
14 11 12 87 
39 88 19 33 
86 69 59 82 
17 23 9 30 
61 65 51 24 
20 8 81 76 
65 97 17 38 
32 21 23 83 
5 92 50 54 
62 39 57 13 
55 34 39 45 
98 53 26 42 
4 99 24 85 
45 26 61 5 
29 35 21 42 
71 80 0 64 
45 75 77 25 
73 54 68 22 
7 38 69 85 
68 36 77 11 
70 74 34 32 
96 38 38 78 
31 44 24 26 
31 11 24 34
37
33 75 99 23 
76 1 69 49 
31 2 77 6 
57 75 36 93 
58 10 71 96 
46 68 67 7 
37 98 94 28 
30 41 4 92 
96 94 52 93 
36 54 35 69 
5 85 0 94 
60 31 21 55 
7 31 67 7 
44 45 28 65 
8 91 85 77 
7 40 19 89 
98 85 10 62 
23 43 56 4 
74 1 91 60 
67 72 47 6 
76 38 21 98 
74 96 47 50 
66 86 85 44 
68 58 61 64 
66 11 96 74 
20 59 32 64 
74 63 33 42 
54 67 97 35 
44 79 0 69 
19 20 15 1 
38 60 95 36 
57 12 35 16 
39 26 94 56 
76 73 85 17 
6 56 24 10 
63 4 95 99 
89 50 0 89 
