34 19 29 18
18
60 63 95 7 
62 27 17 2 
28 72 41 58 
71 93 83 63 
63 95 4 37 
33 64 96 47 
7 11 46 58 
47 81 48 60 
81 37 25 53 
10 49 62 83 
46 2 67 26 
47 91 29 96 
74 29 82 50 
91 57 2 95 
67 48 99 50 
81 58 55 46 
23 80 77 33 
67 29 52 13 
33 12 29 26
16
96 69 99 15 
82 50 83 17 
99 98 69 23 
35 29 85 62 
49 11 2 87 
46 21 3 67 
14 95 28 45 
77 68 16 69 
67 71 98 98 
48 83 68 30 
75 38 47 25 
11 54 98 37 
44 90 63 22 
19 2 84 75 
66 32 1 87 
21 37 40 31 
38 10 25 27
32
30 87 14 65 
43 71 12 8 
73 77 55 59 
96 91 1 86 
4 94 49 64 
86 23 32 15 
82 81 9 37 
98 16 43 11 
98 35 6 56 
76 97 78 48 
90 76 1 88 
76 41 90 29 
36 53 26 87 
50 91 76 7 
55 98 83 62 
61 74 9 57 
34 44 61 61 
84 44 10 6 
15 1 73 10 
21 43 38 40 
90 79 1 45 
89 56 61 7 
58 98 1 77 
14 16 87 16 
66 43 54 32 
80 28 45 92 
42 19 71 48 
17 66 86 11 
60 43 71 81 
73 64 68 78 
83 54 3 86 
42 33 92 99 
31 15 24 30
38
89 6 59 62 
34 8 2 69 
84 12 89 92 
12 90 17 71 
45 5 43 1 
75 76 48 26 
24 58 49 8 
27 72 34 59 
21 9 22 54 
83 8 47 64 
62 98 93 71 
64 11 74 52 
16 20 54 8 
14 42 1 13 
57 33 37 75 
58 93 42 12 
77 29 70 2 
67 63 88 36 
58 78 39 76 
82 77 61 13 
84 97 92 6 
18 25 45 79 
7 9 96 49 
70 71 5 68 
56 80 93 35 
40 71 84 53 
32 17 50 36 
3 24 30 80 
72 24 90 61 
1 35 94 51 
84 91 95 58 
66 38 65 86 
72 71 20 1 
83 25 73 13 
12 39 73 0 
75 9 76 82 
79 16 76 46 
80 43 66 21 
38 14 25 23
25
76 26 86 93 
51 63 63 31 
4 28 96 46 
50 77 49 61 
61 93 76 74 
14 12 79 49 
61 19 6 28 
4 98 15 41 
74 23 37 85 
52 80 48 11 
45 44 78 50 
20 30 95 2 
94 4 59 93 
65 76 34 63 
47 36 31 32 
57 34 27 5 
13 55 72 27 
39 64 8 81 
44 64 28 70 
34 28 29 31 
23 3 34 99 
38 21 75 97 
89 73 37 16 
48 16 54 11 
17 72 37 64 
35 16 26 23
15
96 78 48 1 
47 63 29 19 
6 0 8 53 
0 27 66 91 
80 74 37 66 
26 92 33 27 
10 17 53 61 
90 65 73 55 
40 4 3 60 
72 74 50 25 
44 18 9 47 
8 1 10 89 
5 46 84 84 
30 96 4 3 
45 20 90 29 
31 16 22 31
21
26 53 12 96 
24 6 18 5 
23 12 22 7 
82 85 19 8 
7 63 55 44 
80 89 24 44 
99 99 14 51 
83 20 14 75 
89 68 20 54 
89 14 65 99 
27 78 60 18 
74 96 20 60 
1 82 22 46 
13 84 60 37 
28 68 96 24 
91 66 22 3 
97 46 17 14 
64 65 19 93 
98 55 16 2 
28 5 69 3 
79 54 50 0 
39 16 26 19
3
7 83 26 21 
17 40 7 60 
55 57 21 27 
37 10 29 24
18
62 29 48 57 
67 58 9 22 
98 93 45 37 
16 21 4 29 
83 12 6 81 
39 98 75 57 
47 56 46 71 
84 41 24 72 
58 14 38 69 
19 5 37 49 
73 3 22 24 
95 70 44 33 
52 92 44 66 
99 14 97 63 
53 90 9 11 
11 38 38 56 
69 72 78 1 
83 35 9 78 
37 15 20 28
18
75 51 62 76 
11 12 18 92 
97 57 72 44 
17 74 15 28 
95 25 37 35 
65 66 54 22 
92 42 50 17 
82 65 91 42 
6 61 88 1 
28 32 0 99 
19 46 58 12 
99 34 84 8 
20 80 82 49 
19 72 70 9 
97 39 84 68 
62 1 9 32 
65 30 37 56 
86 13 0 63 
