39 12 27 22
11
13 16 80 11 
80 19 2 31 
63 74 29 77 
94 78 58 22 
17 93 75 72 
3 2 49 40 
89 11 17 86 
45 27 18 22 
40 3 11 97 
28 35 10 42 
74 13 66 32 
32 17 29 22
16
99 10 25 97 
52 6 17 10 
67 39 21 69 
1 15 85 36 
56 6 36 90 
67 61 94 81 
82 33 98 89 
36 16 12 10 
14 86 87 35 
2 20 69 33 
86 0 30 88 
13 41 41 58 
27 30 76 21 
42 6 64 38 
16 43 14 19 
8 27 74 50 
32 11 25 32
8
28 50 33 35 
37 2 3 67 
31 5 68 41 
91 39 62 6 
40 91 68 8 
21 49 18 58 
6 49 25 58 
25 79 61 3 
38 12 23 27
38
96 40 83 39 
2 97 7 10 
75 72 27 68 
65 68 10 36 
42 46 93 78 
31 75 29 87 
77 45 41 52 
44 65 54 66 
9 85 9 0 
7 29 6 24 
42 8 82 33 
21 56 93 57 
68 24 60 40 
32 51 44 20 
11 95 62 57 
55 55 66 10 
18 61 59 80 
58 10 28 13 
39 68 36 23 
92 95 66 21 
51 83 83 19 
4 13 33 58 
40 88 88 11 
66 48 68 87 
41 72 15 60 
97 13 98 57 
95 47 0 63 
14 21 28 15 
29 41 5 72 
71 46 6 4 
27 0 39 69 
21 17 46 91 
0 49 81 19 
80 6 24 38 
84 25 23 56 
12 70 44 19 
60 73 82 25 
43 96 15 95 
36 11 23 30
48
73 29 35 78 
1 9 63 64 
39 8 35 23 
16 66 87 45 
22 49 91 57 
55 20 9 48 
34 20 48 3 
34 86 53 68 
73 27 65 55 
90 44 54 3 
7 79 79 51 
37 58 8 76 
9 70 72 16 
19 74 40 52 
19 87 43 81 
61 59 30 53 
54 66 49 89 
1 31 55 77 
95 88 50 75 
40 57 10 76 
11 72 94 63 
13 37 49 99 
86 12 35 2 
1 73 41 47 
49 26 96 71 
9 19 74 77 
14 94 21 31 
24 64 11 62 
77 67 69 89 
65 66 39 17 
17 50 2 88 
95 53 76 21 
46 2 26 14 
60 39 67 92 
97 16 49 18 
15 18 74 21 
1 73 25 33 
3 52 82 82 
87 79 54 58 
16 85 81 61 
17 99 84 21 
38 97 1 38 
0 77 91 49 
17 20 1 99 
75 81 87 22 
27 43 18 94 
20 43 26 81 
85 8 75 11 
33 18 20 29
8
33 53 83 3 
71 87 33 26 
60 33 65 66 
77 54 82 35 
98 58 33 74 
81 90 1 94 
70 20 52 91 
1 79 14 29 
31 18 26 25
11
97 83 51 40 
9 91 33 87 
78 59 3 30 
25 40 13 75 
53 26 34 42 
52 88 33 50 
34 41 24 80 
18 35 47 91 
88 60 37 14 
7 93 64 89 
56 13 16 10 
31 12 26 31
30
65 38 75 93 
50 23 70 9 
50 1 6 67 
67 52 68 42 
12 11 41 65 
3 99 68 60 
61 44 85 38 
72 22 33 11 
76 63 15 79 
60 54 40 65 
90 27 63 6 
86 96 22 4 
44 74 97 4 
81 0 57 66 
70 14 31 6 
37 31 37 27 
67 94 91 4 
37 88 82 58 
70 75 75 75 
35 62 74 65 
22 81 93 97 
24 28 30 76 
5 48 9 45 
23 34 28 58 
90 36 38 91 
5 18 66 55 
91 39 33 5 
25 81 30 8 
40 66 83 55 
37 39 3 38 
36 11 29 24
44
79 36 35 36 
46 16 85 99 
23 82 59 4 
14 38 5 84 
94 25 51 23 
17 1 5 56 
51 73 21 50 
33 0 27 89 
19 78 76 55 
4 97 58 8 
96 31 85 57 
6 78 40 99 
33 18 43 39 
64 74 70 78 
31 78 84 73 
94 34 66 22 
54 70 84 36 
61 50 80 97 
66 42 27 86 
16 47 50 72 
32 21 17 15 
57 88 25 45 
7 97 23 26 
13 84 13 62 
65 62 2 36 
93 3 37 82 
37 46 72 22 
46 84 62 84 
27 12 40 72 
17 51 65 66 
44 39 29 64 
27 53 83 81 
28 65 21 53 
44 14 78 29 
84 34 77 10 
16 3 98 22 
35 39 98 1 
44 40 44 13 
96 36 91 54 
74 73 55 83 
62 90 93 81 
63 8 39 13 
33 11 88 82 
73 54 50 40 
34 10 22 34
44
55 82 37 87 
20 7 56 7 
22 24 54 11 
78 93 48 25 
9 17 59 26 
99 84 67 32 
52 62 40 42 
86 50 13 67 
44 67 28 79 
53 6 60 56 
52 32 91 8 
56 76 3 80 
6 25 31 24 
47 1 88 70 
14 5 34 58 
67 14 21 71 
11 87 66 10 
65 68 71 3 
56 3 74 67 
93 59 75 75 
58 59 35 61 
19 89 19 43 
79 57 64 48 
71 2 88 37 
10 19 97 69 
10 92 15 38 
53 27 67 43 
27 21 76 55 
29 59 0 7 
78 60 52 22 
67 23 31 7 
3 23 31 53 
14 36 56 74 
61 6 65 65 
44 97 7 91 
21 75 15 57 
80 8 18 12 
2 81 59 50 
66 75 1 86 
61 7 34 30 
95 14 29 90 
64 2 94 23 
93 34 63 81 
52 60 0 92 
