31 10 24 35
47
35 22 80 44 
59 59 40 37 
43 12 31 47 
46 45 28 37 
90 19 13 65 
24 91 42 67 
31 77 92 62 
93 20 71 72 
81 81 94 63 
14 95 21 31 
17 56 9 3 
7 42 11 26 
55 70 41 93 
96 78 69 43 
80 12 13 82 
66 78 43 22 
41 59 65 65 
50 65 23 94 
98 81 48 67 
82 38 59 88 
66 66 6 23 
79 77 76 3 
11 51 83 1 
81 38 65 38 
13 87 61 48 
76 45 75 90 
47 46 95 14 
30 2 61 41 
52 24 15 99 
71 20 43 63 
83 62 54 99 
82 21 13 59 
16 9 54 95 
76 11 11 20 
91 16 75 32 
82 61 72 8 
90 41 49 56 
23 65 67 92 
43 97 65 14 
91 75 7 26 
33 36 98 21 
47 66 64 41 
12 94 8 55 
44 10 81 21 
89 45 9 40 
71 56 35 50 
41 61 51 78 
34 19 22 25
8
8 49 99 46 
62 51 61 24 
77 8 43 28 
57 12 48 32 
16 43 24 45 
66 67 54 76 
0 47 79 86 
14 85 94 15 
36 19 24 21
47
11 34 58 38 
84 85 63 63 
12 7 93 29 
12 18 62 2 
72 84 49 40 
95 23 46 14 
71 74 9 91 
13 28 63 64 
65 54 21 81 
84 86 61 80 
3 90 63 93 
54 50 73 95 
23 92 42 80 
42 5 99 88 
88 43 66 9 
75 72 50 84 
43 28 63 58 
97 80 17 86 
23 69 36 4 
59 53 60 20 
1 14 67 21 
86 83 21 59 
54 32 92 40 
19 51 4 31 
40 78 49 26 
86 14 97 42 
74 55 57 73 
68 95 28 35 
83 46 8 61 
4 29 98 59 
6 3 4 65 
88 76 67 71 
64 5 63 80 
3 33 34 86 
16 24 46 30 
26 48 91 59 
3 57 57 73 
43 42 26 11 
80 90 19 82 
10 31 54 97 
88 85 8 63 
31 48 32 49 
11 21 44 80 
82 67 33 58 
12 45 61 30 
19 94 28 21 
78 51 99 13 
31 15 27 27
42
70 49 42 41 
39 27 27 55 
25 7 61 21 
98 46 29 13 
56 61 70 65 
69 23 77 94 
56 87 84 80 
48 18 35 60 
44 59 9 33 
24 92 18 84 
17 6 5 12 
32 7 23 32 
22 86 56 52 
80 11 15 46 
71 48 84 52 
43 47 7 6 
71 0 76 38 
36 96 88 64 
42 85 47 63 
17 65 61 49 
63 52 57 61 
61 83 80 33 
44 63 62 76 
7 66 41 70 
99 99 40 32 
30 85 95 26 
97 92 9 95 
63 51 28 5 
87 35 88 90 
89 45 44 88 
20 43 93 73 
33 12 56 76 
43 76 64 18 
25 29 19 78 
57 31 63 69 
74 84 69 93 
34 56 88 72 
78 51 81 53 
54 51 11 87 
91 21 92 85 
35 33 51 86 
87 10 79 58 
31 10 23 36
29
81 75 14 35 
73 0 39 76 
23 84 97 92 
95 10 64 74 
17 32 86 35 
39 78 33 41 
32 83 5 23 
77 30 56 68 
18 24 71 79 
37 75 13 91 
82 15 61 50 
35 59 91 76 
46 5 40 84 
23 97 17 2 
41 73 3 90 
94 15 99 92 
28 29 73 71 
39 84 36 41 
18 94 53 23 
17 82 5 73 
91 29 77 72 
90 71 45 21 
6 68 37 63 
72 23 97 67 
16 68 22 5 
85 20 37 61 
68 98 65 28 
44 94 85 58 
67 29 98 64 
33 12 20 35
28
84 52 64 70 
47 72 69 94 
97 86 7 49 
60 99 87 71 
92 16 4 91 
6 16 76 12 
83 79 96 42 
24 32 29 89 
65 65 21 33 
55 66 14 95 
29 70 31 57 
86 36 97 67 
42 27 72 21 
22 10 50 67 
75 52 87 67 
76 26 70 64 
56 18 83 94 
78 54 15 25 
2 8 61 35 
85 18 25 47 
81 28 0 97 
59 7 66 55 
15 54 57 2 
78 46 18 3 
0 66 1 68 
52 3 89 88 
11 46 19 14 
49 15 82 56 
32 14 28 26
24
26 72 5 49 
51 28 79 23 
96 13 47 56 
89 58 34 18 
17 57 94 78 
38 11 86 13 
88 52 5 0 
71 0 75 38 
59 70 77 28 
61 51 16 24 
23 65 91 97 
99 63 24 90 
80 63 38 69 
45 8 9 14 
86 91 60 99 
22 79 52 96 
38 8 96 19 
80 6 57 66 
40 70 54 73 
20 88 13 25 
28 15 19 7 
61 5 92 51 
61 63 41 69 
90 17 1 44 
31 19 25 25
45
66 5 10 73 
6 72 29 75 
53 36 94 97 
78 35 70 7 
59 44 34 32 
15 44 57 17 
64 88 75 23 
68 9 59 24 
28 22 58 23 
4 46 1 88 
76 17 98 25 
68 44 90 54 
46 94 85 68 
60 27 75 22 
47 92 9 17 
97 5 7 43 
76 69 68 55 
77 47 2 13 
42 45 56 98 
46 31 49 20 
97 20 76 73 
24 90 63 1 
47 35 75 12 
36 84 91 70 
10 54 49 99 
75 35 77 98 
92 72 26 14 
70 76 75 16 
43 88 20 76 
29 33 19 85 
5 67 7 42 
71 89 76 58 
54 86 87 92 
82 50 45 61 
43 77 81 52 
64 49 31 70 
59 59 69 48 
63 14 40 77 
35 64 93 7 
27 35 26 2 
95 67 60 84 
89 83 33 93 
43 58 33 51 
51 66 20 56 
36 37 82 12 
32 12 29 27
20
45 10 56 17 
56 37 34 8 
51 79 56 97 
88 47 81 76 
25 75 4 5 
80 89 25 68 
43 36 71 90 
52 14 81 67 
72 20 38 79 
26 16 36 6 
23 25 0 72 
10 22 68 89 
56 5 87 45 
23 89 59 55 
84 88 74 20 
65 44 55 36 
97 88 24 68 
8 2 49 9 
39 98 81 55 
89 53 58 20 
36 18 23 23
24
27 36 44 83 
61 82 94 38 
41 16 40 79 
69 63 74 21 
98 99 80 53 
56 77 5 24 
7 3 65 31 
29 53 51 83 
10 8 9 61 
43 41 6 25 
7 10 67 22 
58 2 85 26 
78 36 22 68 
1 80 90 49 
30 20 75 58 
17 62 8 88 
64 57 69 61 
54 13 77 56 
93 55 45 45 
10 83 66 5 
17 39 53 92 
30 83 81 30 
17 59 31 23 
65 48 8 45 
