30 16 21 33
40
10 21 81 33 
60 73 63 10 
67 9 64 80 
98 85 66 94 
77 86 71 65 
3 39 90 78 
9 55 93 92 
2 74 81 52 
80 27 41 18 
58 86 8 56 
62 32 19 95 
79 96 90 95 
36 80 34 22 
89 50 76 70 
31 2 23 5 
79 71 7 93 
28 11 99 70 
43 48 36 91 
78 14 3 70 
20 94 99 13 
65 97 55 21 
40 58 63 30 
51 71 86 55 
62 3 76 91 
24 26 67 68 
96 19 51 88 
43 42 44 75 
46 5 50 36 
3 9 39 81 
15 85 52 70 
48 68 19 72 
61 80 29 74 
37 12 46 93 
27 31 17 45 
46 66 78 97 
13 88 84 45 
21 49 52 52 
63 94 75 38 
73 97 20 27 
0 79 26 62 
31 16 23 30
17
59 56 9 71 
92 93 35 49 
7 54 56 60 
84 73 50 11 
28 76 11 42 
37 8 19 29 
11 89 45 66 
40 15 84 43 
50 50 85 64 
40 80 59 69 
59 26 30 19 
40 59 42 26 
28 15 34 36 
58 94 96 51 
37 79 60 3 
48 68 9 92 
70 12 9 34 
38 18 27 17
24
17 41 83 11 
77 0 89 51 
46 18 38 24 
80 48 85 55 
53 34 27 60 
20 56 20 90 
17 37 48 27 
50 8 38 42 
43 86 19 16 
10 85 73 36 
90 8 56 29 
30 84 12 21 
27 53 81 53 
58 11 27 60 
20 93 94 40 
51 61 1 38 
80 95 81 94 
29 68 45 68 
61 90 69 12 
0 91 59 33 
25 27 99 96 
27 85 84 32 
59 58 95 17 
91 33 85 29 
30 11 24 35
18
2 17 92 59 
8 13 91 68 
41 15 59 29 
33 61 14 23 
61 4 11 94 
11 49 35 70 
72 27 77 28 
4 40 4 82 
41 24 30 7 
35 40 88 14 
93 15 91 43 
98 65 83 29 
18 61 67 3 
7 54 24 53 
82 21 86 80 
35 63 63 0 
10 77 88 9 
30 7 88 20 
31 19 20 30
47
58 91 71 6 
44 47 10 43 
73 1 75 86 
0 77 24 13 
54 7 78 30 
52 90 33 21 
77 74 99 10 
72 46 87 10 
53 28 94 91 
49 79 36 88 
53 20 26 9 
2 2 9 53 
83 75 66 7 
18 71 43 67 
58 50 29 69 
48 99 70 26 
13 65 32 71 
82 32 63 74 
71 89 77 31 
64 23 18 74 
65 46 27 97 
79 79 91 82 
85 27 33 99 
50 66 40 53 
50 99 95 37 
69 37 70 50 
11 92 36 29 
94 11 3 34 
32 54 4 1 
72 73 47 34 
73 49 86 55 
99 64 24 5 
48 23 81 64 
28 81 4 28 
75 77 85 87 
43 62 88 73 
23 99 67 95 
61 38 81 77 
52 61 63 20 
50 14 51 47 
68 31 80 70 
30 39 5 50 
49 76 25 95 
88 59 90 11 
60 12 31 99 
97 28 43 9 
42 4 11 67 
31 18 27 24
31
25 37 19 12 
81 18 43 84 
93 16 46 85 
12 85 89 92 
70 51 59 38 
82 51 50 39 
88 70 27 25 
27 38 32 65 
99 64 69 50 
40 78 30 42 
68 47 5 80 
82 57 97 56 
15 18 97 66 
25 38 79 74 
87 79 24 10 
90 18 57 55 
83 80 86 48 
16 38 52 91 
21 17 69 35 
45 69 57 30 
73 70 10 8 
41 66 40 60 
85 94 62 61 
54 19 51 50 
90 50 97 1 
71 48 40 76 
66 5 44 7 
69 43 29 18 
22 93 37 19 
7 48 14 17 
40 25 62 21 
37 19 23 21
2
65 18 45 94 
72 55 59 24 
33 13 24 30
18
22 32 91 41 
65 44 38 60 
82 32 42 41 
36 79 60 45 
85 19 0 75 
67 42 42 50 
98 34 46 66 
34 12 89 73 
5 78 95 8 
34 21 55 31 
52 77 20 33 
76 3 58 92 
95 13 38 11 
33 66 68 80 
89 40 42 31 
97 72 25 69 
43 69 35 57 
84 51 11 64 
36 16 22 26
45
21 9 74 95 
75 54 71 21 
74 77 40 39 
10 15 18 94 
78 24 34 80 
51 51 90 6 
67 1 7 43 
2 74 48 65 
43 77 58 80 
66 47 56 43 
0 4 95 65 
29 96 47 69 
33 16 85 39 
34 43 39 70 
19 67 28 74 
46 28 19 0 
29 74 95 32 
56 38 27 31 
67 90 79 46 
55 24 77 70 
53 38 10 85 
88 8 30 0 
38 87 61 98 
18 81 97 72 
85 94 36 54 
1 14 12 94 
88 54 71 43 
63 92 14 94 
90 58 20 7 
18 33 11 20 
44 94 94 69 
76 29 12 85 
93 7 61 61 
88 23 68 39 
25 15 96 34 
37 86 36 45 
72 66 8 60 
61 89 54 51 
83 15 10 6 
20 42 17 59 
41 85 50 56 
30 53 6 67 
89 81 82 2 
37 77 82 57 
58 48 97 10 
32 15 22 31
2
53 10 77 72 
12 61 18 83 
