31 10 22 37
49
51 8 25 8 
62 69 63 96 
20 67 30 23 
35 11 93 38 
57 69 36 4 
77 51 7 96 
73 44 17 62 
74 69 85 20 
55 34 92 97 
93 17 73 85 
28 67 58 27 
31 56 66 3 
94 41 58 50 
66 19 21 0 
0 29 35 18 
51 0 22 51 
81 9 68 1 
18 95 44 39 
96 50 75 9 
92 80 64 17 
78 13 68 32 
10 35 54 35 
12 91 97 64 
82 54 33 27 
44 6 46 21 
87 65 85 98 
97 18 54 15 
43 12 7 20 
64 17 40 38 
31 90 41 46 
55 32 88 26 
98 79 56 41 
16 48 64 85 
34 43 29 13 
28 70 35 91 
80 38 92 0 
83 76 0 65 
14 95 95 54 
65 99 65 55 
76 58 99 17 
61 13 99 95 
47 22 86 21 
87 27 10 61 
55 49 65 17 
40 88 42 21 
79 91 26 21 
52 10 20 34 
77 74 36 69 
70 17 29 66 
33 19 25 23
31
90 78 77 87 
85 34 99 16 
34 48 14 88 
15 78 37 70 
86 77 42 36 
2 52 44 13 
90 40 90 37 
19 99 78 43 
35 80 31 0 
14 39 36 18 
10 3 99 29 
59 48 53 92 
79 59 80 61 
54 16 59 38 
34 64 96 44 
43 62 96 35 
69 71 53 35 
46 37 55 47 
41 23 26 98 
52 14 53 42 
86 98 57 60 
18 16 88 18 
20 93 65 50 
42 91 75 48 
7 64 59 88 
95 18 46 42 
3 33 20 31 
90 61 85 20 
10 54 58 45 
4 36 16 52 
83 34 14 53 
37 10 20 33
25
48 77 90 87 
54 65 47 67 
52 14 56 85 
96 56 28 59 
7 45 39 87 
33 29 43 71 
48 7 4 60 
4 92 71 98 
28 70 82 12 
71 98 65 44 
7 90 93 89 
79 30 55 26 
5 54 45 25 
65 16 16 18 
33 19 38 47 
61 86 63 59 
43 58 57 26 
74 15 88 8 
80 95 80 43 
36 54 91 18 
51 77 55 49 
46 46 32 11 
53 63 79 51 
59 17 83 21 
26 33 46 21 
37 12 25 26
45
66 37 44 70 
36 73 82 79 
27 19 96 83 
31 13 12 97 
25 45 73 10 
36 36 48 63 
11 58 16 2 
8 70 45 22 
24 65 83 9 
1 62 75 79 
81 99 24 40 
20 0 90 13 
21 48 96 27 
56 42 53 30 
88 81 59 77 
57 79 71 57 
74 74 58 65 
30 3 96 63 
70 93 29 37 
12 8 42 11 
68 2 81 59 
73 18 66 82 
11 52 21 20 
3 97 22 1 
28 66 65 46 
41 24 82 17 
52 33 56 62 
13 16 18 79 
38 48 9 54 
98 11 83 55 
7 75 54 77 
81 75 59 72 
70 27 8 45 
43 95 69 43 
20 63 6 40 
61 3 69 95 
34 42 81 55 
88 67 2 16 
83 10 38 65 
70 4 36 76 
73 84 92 85 
7 72 36 42 
78 65 34 35 
4 42 93 4 
6 58 43 39 
39 10 28 23
2
25 91 62 32 
56 3 73 15 
32 12 26 30
39
11 83 88 62 
5 39 76 22 
33 67 12 40 
16 34 59 12 
61 96 83 68 
99 88 60 16 
10 3 85 75 
92 18 7 74 
75 16 93 22 
70 81 33 54 
28 62 69 57 
79 21 16 22 
44 61 54 30 
46 99 78 22 
23 71 51 2 
53 1 29 14 
59 37 65 99 
40 36 41 80 
62 29 40 36 
19 3 36 88 
86 62 30 31 
64 76 28 76 
38 71 99 98 
29 31 0 26 
32 54 97 41 
56 16 82 7 
19 73 68 17 
58 41 3 20 
35 63 16 90 
70 98 50 82 
9 89 61 69 
37 43 51 31 
28 13 4 64 
5 94 32 69 
80 23 12 91 
8 10 17 96 
68 78 63 66 
15 9 56 34 
4 14 32 67 
35 11 26 28
38
22 36 89 44 
37 39 14 40 
30 46 10 47 
85 59 74 98 
71 65 1 58 
80 85 16 18 
57 69 59 90 
62 65 15 66 
53 36 68 71 
21 72 59 28 
63 22 35 69 
98 9 48 45 
40 33 95 89 
12 10 95 37 
20 70 87 67 
79 24 77 65 
31 44 93 49 
90 2 77 99 
5 72 94 57 
49 47 19 48 
20 13 50 29 
70 25 54 42 
40 31 50 51 
85 91 48 39 
44 69 38 54 
15 98 55 37 
56 95 84 40 
16 38 87 73 
50 38 47 66 
74 48 95 5 
89 50 9 58 
52 26 14 13 
23 55 12 79 
8 65 32 21 
58 12 72 74 
41 14 26 2 
44 76 0 46 
44 82 65 95 
37 13 26 24
33
89 96 85 29 
81 70 16 60 
25 7 64 85 
5 26 7 61 
76 20 64 75 
23 6 14 75 
25 67 69 40 
89 17 5 76 
0 67 31 61 
26 43 93 71 
97 65 77 36 
11 15 41 18 
74 3 19 53 
68 89 42 82 
82 10 4 14 
0 76 71 8 
1 88 85 38 
94 46 34 32 
27 93 77 57 
29 77 63 9 
25 51 65 86 
97 51 8 10 
24 49 78 16 
38 78 70 21 
94 69 35 23 
30 3 23 28 
68 86 25 75 
11 84 53 5 
47 94 88 48 
10 84 10 49 
80 74 13 45 
67 18 94 49 
22 56 62 60 
34 13 27 26
12
27 37 17 10 
26 33 99 39 
95 73 69 43 
90 21 11 10 
58 85 43 56 
89 78 60 50 
92 76 52 55 
22 92 63 7 
15 66 21 72 
67 0 23 46 
75 73 49 94 
49 50 59 0 
34 15 20 31
28
96 22 33 49 
76 67 17 49 
80 43 17 3 
10 62 28 23 
0 38 42 58 
61 96 81 15 
29 66 1 41 
17 52 10 70 
91 6 11 93 
33 71 96 99 
82 74 65 31 
56 46 84 86 
22 35 99 6 
9 43 95 99 
41 17 19 10 
66 75 31 28 
33 47 12 4 
51 35 90 28 
42 42 76 87 
31 50 59 83 
82 14 19 82 
52 3 60 47 
10 11 51 15 
52 85 33 6 
42 37 97 8 
34 80 35 87 
44 70 64 66 
67 8 68 91 
