30 19 29 22
5
47 14 60 46 
78 69 60 10 
23 27 8 73 
38 18 69 61 
43 41 44 25 
30 13 22 35
18
12 91 40 83 
46 24 71 15 
84 19 0 71 
51 73 70 87 
84 48 73 23 
30 99 51 71 
27 28 90 67 
54 71 9 16 
85 24 33 87 
28 76 64 99 
56 92 88 18 
17 98 10 70 
71 56 40 51 
57 6 5 13 
40 69 55 17 
33 3 61 12 
9 84 86 26 
39 83 59 8 
38 17 26 19
19
10 32 53 29 
18 20 96 98 
31 58 59 78 
19 20 46 59 
20 47 65 52 
31 75 8 33 
11 83 30 87 
97 31 68 82 
38 68 2 7 
15 25 99 13 
7 63 81 51 
24 7 7 19 
36 0 87 36 
9 15 6 34 
24 19 18 34 
89 8 0 99 
89 76 40 51 
18 38 43 94 
47 51 44 68 
39 15 20 26
3
76 11 51 97 
43 32 73 23 
61 67 83 95 
30 16 22 32
49
62 81 61 47 
67 56 0 97 
56 93 88 57 
70 38 40 67 
10 13 58 78 
57 3 56 57 
3 16 89 50 
55 48 86 82 
27 45 5 13 
94 61 37 19 
10 53 40 50 
43 16 52 23 
27 15 84 94 
7 45 42 58 
25 4 44 50 
67 49 42 8 
6 6 29 25 
32 26 73 49 
76 38 67 3 
62 6 14 87 
64 65 23 40 
63 92 75 82 
2 47 88 90 
17 87 52 61 
11 32 43 37 
86 27 91 0 
42 35 17 68 
78 38 96 18 
89 56 85 1 
26 2 44 14 
30 47 22 84 
38 82 32 89 
86 6 92 30 
62 76 0 37 
73 22 97 27 
74 7 3 64 
51 69 0 60 
1 50 34 8 
87 28 6 39 
4 6 62 59 
3 28 81 72 
45 66 56 13 
55 48 27 3 
4 17 39 23 
43 58 33 69 
82 71 88 35 
71 84 42 33 
69 61 32 67 
60 37 24 45 
32 13 21 34
42
13 87 4 52 
22 31 4 70 
88 83 96 46 
72 92 77 32 
40 46 1 61 
23 22 43 94 
15 60 42 66 
92 94 98 11 
38 48 56 95 
66 35 12 39 
79 72 45 86 
65 86 94 67 
60 92 5 79 
30 57 61 90 
44 10 36 62 
89 37 77 94 
85 84 7 23 
36 82 65 4 
33 61 81 51 
77 56 29 29 
65 74 6 0 
88 18 81 80 
87 65 50 56 
98 50 50 42 
94 50 1 81 
79 70 30 78 
26 0 45 69 
76 9 13 87 
80 7 96 14 
31 76 6 66 
2 26 36 71 
31 9 6 82 
10 39 57 26 
55 48 50 94 
43 27 73 88 
73 12 4 77 
51 63 75 90 
53 36 10 17 
44 34 78 52 
34 59 46 17 
94 63 58 37 
52 87 32 32 
35 10 27 28
2
3 17 93 90 
22 58 20 68 
33 11 22 34
37
28 39 82 20 
69 97 60 84 
81 56 94 9 
54 66 24 64 
31 43 33 51 
65 6 14 26 
41 88 29 75 
38 78 84 78 
33 83 8 13 
4 11 62 60 
41 86 22 46 
23 83 36 55 
33 56 36 90 
82 77 8 21 
25 56 78 81 
67 84 45 2 
71 15 76 70 
58 11 59 19 
80 73 10 79 
84 67 2 58 
52 74 41 82 
41 94 96 55 
75 87 88 48 
32 81 92 56 
40 19 75 8 
6 65 97 22 
97 17 9 9 
67 28 36 57 
53 20 28 93 
42 63 61 77 
19 20 94 70 
23 10 86 98 
80 53 39 64 
92 94 51 86 
76 19 85 24 
84 86 88 46 
50 30 95 11 
35 19 21 25
38
58 97 88 86 
71 26 98 86 
30 11 28 13 
89 72 65 59 
69 42 16 23 
77 37 93 32 
32 48 20 93 
15 74 45 82 
40 62 6 95 
5 64 15 50 
21 98 93 73 
58 74 57 78 
65 36 42 10 
81 90 98 21 
4 56 53 23 
6 5 71 55 
65 46 72 26 
65 70 53 4 
27 66 1 79 
43 19 73 57 
90 42 27 79 
32 35 0 50 
63 85 90 49 
10 92 44 15 
27 37 8 12 
1 30 12 95 
82 37 83 15 
88 19 77 84 
82 96 32 63 
77 92 23 29 
45 22 62 80 
79 4 93 34 
22 85 51 5 
11 61 55 60 
29 32 96 94 
51 84 62 43 
7 6 66 14 
60 80 38 35 
31 17 26 26
39
67 32 15 78 
44 48 92 2 
68 72 72 21 
40 71 34 45 
95 28 78 60 
60 19 73 72 
38 79 74 42 
47 15 90 33 
94 76 92 97 
16 17 50 3 
92 59 75 34 
34 45 73 88 
46 93 39 86 
0 5 18 48 
58 43 40 64 
73 50 54 53 
81 39 26 64 
78 36 28 78 
77 74 68 0 
44 38 38 92 
5 86 96 54 
75 4 33 88 
57 44 39 73 
77 85 29 41 
5 21 52 94 
18 9 9 9 
64 61 8 25 
37 17 4 19 
4 47 59 87 
54 99 77 76 
6 37 6 34 
97 55 0 92 
45 27 95 22 
85 43 74 95 
77 86 90 13 
96 7 51 40 
39 19 68 29 
26 42 87 5 
43 76 88 81 
