31 10 24 35
12
58 58 41 97 
2 82 42 23 
34 90 78 4 
88 48 31 37 
18 36 26 46 
69 96 28 22 
6 79 19 23 
80 56 51 1 
54 17 26 10 
20 4 6 49 
23 7 2 65 
7 9 12 14 
39 10 29 22
41
81 95 53 61 
30 19 90 22 
63 18 42 78 
39 77 49 70 
22 20 17 14 
29 77 22 62 
94 62 14 97 
67 4 29 79 
59 69 20 58 
64 64 79 0 
13 84 85 5 
65 24 26 30 
59 41 92 73 
84 81 52 3 
73 91 67 67 
5 93 55 58 
88 62 18 69 
57 91 6 57 
41 16 1 45 
91 17 96 69 
36 84 38 25 
12 56 94 77 
16 16 85 73 
97 12 95 19 
29 27 17 2 
6 56 73 68 
34 35 32 67 
80 6 11 56 
94 97 31 20 
55 29 46 31 
67 40 52 40 
5 33 59 29 
21 81 16 64 
99 94 63 80 
10 70 91 77 
24 27 97 9 
5 29 78 99 
80 74 64 99 
81 85 34 65 
3 32 62 1 
75 3 46 98 
39 14 25 22
1
34 50 9 85 
33 16 20 31
21
42 43 35 75 
54 60 48 46 
17 16 83 14 
59 97 76 78 
7 89 2 21 
80 98 19 57 
73 78 65 29 
64 78 61 12 
77 93 23 60 
97 86 46 15 
54 99 81 74 
63 41 40 36 
74 31 77 48 
66 86 60 44 
23 77 2 76 
94 18 82 38 
54 71 37 65 
74 16 80 20 
43 87 66 80 
17 45 94 32 
37 29 55 32 
30 11 24 35
45
33 78 36 20 
84 69 20 36 
17 42 19 92 
4 74 62 57 
51 56 4 79 
20 79 26 78 
83 70 38 65 
62 50 37 41 
25 46 32 95 
79 60 36 73 
66 29 63 75 
25 1 27 62 
67 98 81 44 
8 65 71 53 
52 57 36 13 
31 55 74 66 
5 77 67 58 
42 66 78 91 
20 31 13 90 
15 51 52 82 
42 75 97 64 
68 93 33 59 
74 78 42 21 
23 22 42 10 
55 96 70 48 
34 69 20 0 
19 90 23 76 
52 80 38 1 
5 54 71 56 
57 9 98 11 
44 7 83 64 
23 56 67 97 
89 3 34 18 
81 4 47 73 
55 97 44 78 
69 56 7 94 
40 41 16 68 
51 86 52 46 
98 58 4 27 
86 55 77 63 
22 26 87 49 
46 19 20 0 
6 97 0 60 
65 19 42 87 
99 89 24 82 
33 19 24 24
2
50 88 19 22 
0 20 87 99 
32 18 25 25
21
68 58 47 20 
20 15 61 54 
85 92 80 79 
15 16 27 96 
31 94 23 23 
81 84 98 57 
99 97 0 86 
10 1 40 84 
62 0 18 40 
41 3 61 23 
36 91 18 58 
7 40 7 83 
92 90 67 25 
57 32 61 84 
59 89 21 23 
15 75 43 83 
51 96 16 15 
98 87 55 27 
33 99 87 90 
66 40 50 59 
90 16 93 20 
33 11 22 34
16
39 33 80 51 
82 38 8 61 
47 34 6 10 
23 91 85 5 
34 39 91 57 
44 70 18 19 
39 61 32 98 
81 23 50 36 
69 85 76 64 
6 4 45 95 
91 26 43 32 
33 39 35 98 
31 88 85 94 
23 69 85 68 
15 61 11 20 
5 9 79 23 
38 17 24 21
19
15 20 99 30 
94 96 65 18 
27 86 85 0 
26 33 66 93 
37 55 13 99 
0 7 48 45 
92 24 89 82 
46 19 48 63 
97 97 83 11 
89 54 99 26 
4 66 40 29 
75 11 94 72 
42 86 85 28 
57 41 37 7 
71 54 38 69 
7 82 72 8 
38 22 2 28 
50 55 3 82 
56 86 95 33 
36 11 26 27
40
29 17 40 60 
33 19 6 56 
60 75 39 35 
16 29 19 21 
94 32 91 52 
8 66 21 86 
82 2 71 70 
46 4 40 52 
84 56 40 89 
42 12 74 18 
16 46 68 74 
16 68 66 26 
66 73 38 34 
27 16 72 63 
95 53 77 30 
48 35 9 56 
34 86 50 59 
89 30 78 82 
58 73 36 62 
97 46 69 13 
36 45 4 72 
65 6 25 67 
84 76 93 89 
34 44 70 80 
36 12 39 30 
18 6 36 36 
94 56 76 54 
80 10 65 49 
83 63 93 2 
31 37 90 28 
61 83 75 13 
36 89 47 13 
3 55 25 85 
6 39 95 30 
8 67 77 8 
30 70 87 74 
10 44 5 71 
50 67 49 99 
21 11 68 34 
30 23 99 5 
