38 15 26 21
30
85 42 90 1 
10 36 84 61 
67 76 64 55 
92 84 32 83 
51 55 2 59 
86 35 2 15 
54 89 18 41 
37 46 29 93 
82 36 27 62 
30 50 17 66 
45 78 63 22 
29 26 82 91 
56 52 98 31 
56 6 74 50 
40 75 47 20 
17 43 24 21 
46 70 72 55 
56 69 53 0 
38 35 14 8 
71 80 85 27 
7 27 84 85 
48 98 37 75 
61 77 22 54 
3 96 48 1 
53 42 75 58 
54 26 34 87 
99 97 93 20 
91 66 78 60 
89 20 13 89 
59 39 72 48 
33 19 29 19
39
46 98 96 41 
87 13 54 29 
4 27 73 80 
93 96 86 50 
4 16 84 95 
98 62 65 83 
83 58 41 14 
69 27 25 57 
32 55 40 0 
1 51 32 78 
11 49 55 62 
46 33 96 62 
53 22 43 16 
12 99 80 84 
33 13 58 29 
71 39 59 76 
1 16 48 37 
55 85 49 53 
84 5 83 48 
6 2 36 49 
61 79 61 46 
83 9 44 33 
74 56 67 87 
93 3 7 71 
89 79 61 30 
84 59 6 67 
73 90 32 6 
15 32 77 31 
77 8 67 91 
78 13 92 92 
71 15 62 99 
18 62 60 80 
98 11 58 27 
41 5 65 2 
73 94 73 93 
77 37 17 42 
79 36 10 84 
36 15 93 76 
86 68 59 69 
39 10 24 27
6
30 51 8 3 
73 50 89 71 
43 65 18 83 
39 99 14 33 
97 20 19 81 
52 75 44 82 
31 18 24 27
36
46 95 5 65 
44 62 63 25 
28 14 69 29 
46 38 41 70 
97 9 37 87 
54 25 71 76 
87 67 59 54 
7 25 85 91 
9 17 24 47 
60 52 39 76 
35 89 4 83 
50 90 35 13 
34 73 85 7 
45 53 18 21 
24 28 78 76 
3 8 17 3 
28 78 19 29 
13 93 10 44 
70 60 51 64 
20 88 25 97 
32 45 19 34 
39 78 45 55 
98 3 23 31 
74 63 73 27 
71 1 55 72 
70 6 99 41 
62 41 37 84 
2 53 1 36 
2 80 44 57 
88 83 63 50 
32 63 30 10 
70 79 69 7 
87 24 92 18 
32 52 26 26 
45 78 72 98 
40 61 53 45 
30 18 22 30
46
18 15 38 88 
38 5 40 7 
76 89 71 82 
71 30 97 78 
60 82 3 50 
54 18 12 10 
10 64 9 70 
10 85 8 82 
51 76 88 71 
85 4 80 27 
12 19 50 56 
7 89 26 10 
63 75 84 19 
83 78 39 0 
3 28 77 73 
95 69 97 90 
81 88 31 95 
41 26 92 56 
2 76 38 35 
68 55 2 21 
38 99 7 34 
0 88 99 72 
37 87 68 57 
26 6 31 42 
22 59 74 19 
57 31 68 37 
82 27 16 7 
40 3 32 47 
25 56 35 96 
62 62 90 92 
88 58 58 53 
57 34 30 96 
44 95 13 8 
80 82 63 6 
30 70 51 72 
72 91 32 33 
55 21 32 69 
71 35 79 59 
68 82 30 98 
73 15 79 47 
97 19 63 44 
90 23 66 42 
92 28 66 92 
10 17 19 97 
26 24 98 36 
2 60 25 8 
31 15 24 30
49
52 64 33 15 
90 4 75 52 
28 88 43 31 
54 89 77 42 
69 87 49 51 
62 33 72 48 
16 42 45 37 
94 54 28 36 
83 68 90 27 
95 50 2 6 
42 66 68 38 
81 67 82 13 
83 83 39 28 
4 88 35 18 
92 84 98 47 
58 37 58 73 
59 6 47 86 
99 49 46 18 
85 42 8 95 
64 34 67 49 
60 31 54 11 
15 99 32 94 
32 71 35 11 
52 54 47 4 
8 94 78 74 
19 95 14 33 
36 20 43 61 
79 39 54 58 
16 49 86 27 
83 46 58 60 
74 52 53 27 
13 34 66 30 
95 4 87 69 
56 93 29 65 
17 20 74 94 
55 70 15 93 
17 77 95 2 
68 20 21 61 
36 17 99 66 
41 86 20 1 
54 13 66 75 
52 84 2 22 
19 21 9 62 
71 64 5 3 
37 60 10 36 
39 63 62 75 
82 25 33 38 
93 62 23 31 
0 73 39 41 
30 13 24 33
17
75 72 83 46 
10 58 89 71 
11 95 29 80 
75 83 61 90 
51 91 92 26 
50 63 29 56 
98 78 62 98 
24 63 99 98 
20 77 61 67 
80 15 64 24 
35 62 26 97 
33 42 55 16 
11 49 89 13 
46 13 81 11 
42 26 48 32 
96 90 46 47 
96 30 60 98 
32 19 21 28
18
26 68 91 88 
36 31 22 55 
22 45 87 75 
74 86 51 6 
95 49 24 54 
66 31 27 44 
15 78 1 3 
81 57 94 17 
38 53 86 78 
22 93 75 11 
3 92 10 51 
3 70 73 10 
79 54 2 73 
69 56 69 95 
41 46 72 57 
30 19 74 65 
51 70 37 20 
99 73 83 2 
37 11 25 27
37
21 75 41 45 
4 90 24 26 
55 20 47 82 
83 91 36 75 
20 17 80 84 
18 45 0 32 
33 53 10 5 
71 99 99 55 
5 96 73 65 
5 27 53 39 
95 47 9 30 
22 54 37 7 
37 7 82 56 
32 66 54 76 
75 8 11 51 
79 18 55 55 
20 91 77 87 
17 70 70 92 
64 40 88 71 
35 69 9 79 
15 2 68 63 
16 43 23 39 
41 97 90 97 
15 1 60 76 
91 54 10 31 
77 50 90 66 
37 89 92 91 
77 83 41 5 
98 32 36 76 
50 91 38 77 
68 37 46 20 
80 73 76 63 
80 11 80 81 
59 78 1 65 
12 2 26 27 
50 31 62 58 
56 84 98 82 
36 18 22 24
49
15 32 62 39 
3 69 86 63 
13 29 11 65 
2 59 46 19 
30 70 64 48 
65 11 27 37 
75 88 64 95 
74 93 98 97 
85 80 65 26 
15 62 61 43 
15 62 14 20 
20 96 55 96 
37 78 52 94 
18 78 34 3 
5 25 64 15 
4 90 89 19 
31 13 80 22 
93 19 3 68 
8 20 32 2 
97 6 17 78 
32 68 57 96 
41 3 78 6 
46 62 21 90 
97 45 38 25 
73 94 89 6 
16 33 2 18 
74 83 85 98 
46 31 5 99 
8 85 83 36 
32 93 77 27 
34 73 75 31 
98 13 71 63 
82 7 28 2 
16 10 61 99 
66 39 21 58 
18 80 60 14 
56 22 81 12 
62 2 92 80 
17 62 71 43 
57 70 20 61 
12 22 16 38 
3 2 82 98 
23 83 70 93 
71 18 9 54 
12 60 74 75 
31 58 0 79 
14 47 84 54 
38 18 42 95 
19 60 46 95 
