35 17 28 20
30
52 40 12 33 
18 43 91 25 
14 22 92 12 
19 13 54 18 
34 88 83 33 
94 49 25 69 
27 57 98 58 
66 18 79 17 
16 44 61 9 
88 57 51 88 
69 9 57 66 
66 52 77 49 
23 72 68 62 
89 54 64 3 
14 43 6 60 
44 33 58 96 
42 75 95 74 
51 45 30 76 
36 95 63 85 
91 59 2 74 
79 48 35 94 
49 17 28 62 
80 58 94 44 
51 90 43 36 
50 61 23 91 
57 2 98 78 
41 91 25 94 
90 79 12 55 
41 31 81 96 
97 64 46 25 
34 13 29 24
46
50 85 25 46 
51 27 34 29 
36 10 16 76 
50 56 52 57 
91 33 71 0 
45 39 3 19 
8 47 38 86 
14 97 43 24 
7 5 28 55 
66 79 42 63 
44 82 18 30 
14 4 45 41 
11 88 34 13 
61 94 47 10 
82 5 37 4 
88 48 14 38 
67 91 68 45 
28 97 91 12 
91 7 56 62 
20 73 4 4 
1 97 75 26 
63 30 63 13 
57 17 73 60 
41 38 75 96 
67 80 63 22 
35 0 13 14 
97 22 22 54 
37 85 89 9 
1 33 3 91 
73 88 75 36 
28 54 87 10 
23 31 70 52 
32 59 94 40 
9 81 68 0 
84 60 28 41 
7 9 75 72 
28 64 59 8 
35 83 23 78 
4 26 94 81 
13 2 90 65 
52 69 21 78 
90 48 99 19 
64 2 7 12 
60 34 29 19 
78 15 82 59 
72 61 17 48 
33 11 23 33
41
87 87 87 81 
70 63 89 37 
87 97 81 79 
64 39 43 32 
76 11 18 70 
97 74 2 97 
20 30 93 90 
52 72 42 74 
12 15 31 77 
15 25 42 97 
44 91 32 81 
34 3 95 32 
17 85 72 24 
97 65 86 13 
85 89 61 39 
69 98 85 14 
55 7 66 48 
8 66 16 50 
69 21 25 5 
42 20 63 17 
35 61 73 67 
0 17 77 47 
29 18 92 25 
64 2 27 46 
5 17 26 27 
36 46 24 51 
68 21 55 75 
39 81 70 64 
26 43 3 7 
25 18 14 37 
29 18 19 89 
73 91 86 66 
93 79 99 24 
94 36 80 89 
37 21 99 78 
61 2 8 48 
47 27 99 20 
99 20 20 87 
3 88 97 17 
26 34 78 76 
34 89 81 59 
38 14 27 21
45
63 13 70 3 
19 35 75 27 
10 71 41 45 
91 66 67 73 
58 12 21 5 
38 62 63 2 
43 22 44 72 
20 48 66 1 
57 9 57 85 
50 17 67 67 
13 70 7 54 
92 32 85 68 
21 7 1 68 
25 64 51 0 
49 67 60 97 
91 2 6 61 
4 40 87 82 
8 81 23 41 
44 53 92 68 
55 8 9 10 
36 75 50 13 
47 98 76 93 
57 57 35 82 
56 70 76 10 
63 45 50 52 
44 3 60 40 
84 59 23 71 
72 83 44 41 
57 49 60 15 
51 93 14 6 
64 94 24 51 
45 40 84 74 
76 82 4 10 
58 57 66 33 
15 10 28 87 
74 4 20 74 
12 94 25 7 
9 60 58 70 
31 43 88 49 
78 8 95 43 
75 49 94 90 
78 34 82 0 
83 27 0 41 
64 26 31 59 
74 50 38 50 
31 17 26 26
8
23 34 78 14 
68 16 55 6 
14 84 12 25 
9 30 95 78 
12 24 24 82 
60 17 5 4 
12 28 75 28 
70 44 28 97 
38 17 26 19
22
55 67 31 67 
72 93 26 79 
13 5 50 43 
54 60 38 90 
53 82 55 6 
28 74 2 40 
40 26 36 70 
56 15 41 30 
63 50 22 44 
93 57 10 66 
90 25 91 6 
78 32 73 9 
5 37 44 1 
23 60 16 81 
65 91 26 45 
57 56 23 98 
64 19 79 3 
37 94 97 95 
72 88 15 2 
82 95 61 7 
52 26 64 19 
70 40 6 3 
33 14 27 26
1
30 64 9 34 
30 19 24 27
29
53 69 72 11 
39 48 28 35 
45 13 98 69 
29 19 92 31 
91 3 27 23 
13 76 69 95 
15 95 65 7 
79 80 99 88 
53 3 54 82 
53 52 79 21 
11 71 57 21 
42 8 72 11 
72 78 42 98 
65 18 45 77 
0 76 95 43 
83 21 56 64 
13 9 16 25 
64 9 77 38 
24 6 12 42 
18 48 53 6 
23 54 34 0 
37 0 23 34 
57 77 82 76 
57 35 37 89 
14 93 7 32 
92 46 46 62 
1 4 74 58 
6 3 58 52 
23 88 20 29 
38 15 22 25
7
86 82 68 87 
27 0 81 88 
68 22 27 24 
40 20 14 76 
7 71 99 33 
26 64 27 54 
18 29 53 68 
31 10 20 39
30
66 94 46 10 
78 59 35 0 
22 86 90 84 
75 34 12 3 
74 44 21 15 
55 93 86 21 
54 13 68 97 
47 13 73 59 
19 68 58 45 
74 4 97 48 
36 98 11 40 
74 43 78 84 
17 49 94 70 
87 87 3 73 
8 24 55 65 
91 37 53 9 
12 30 64 7 
75 66 29 69 
46 73 78 56 
82 46 47 10 
34 83 80 97 
18 2 72 31 
64 84 37 49 
48 32 56 98 
45 1 27 44 
78 70 8 51 
20 24 24 14 
9 46 91 61 
77 45 30 7 
57 55 90 9 
