35 14 28 23
44
79 31 98 9 
99 52 17 31 
96 95 44 29 
53 22 36 23 
55 17 28 59 
5 40 75 74 
11 71 13 90 
90 49 20 35 
48 70 20 48 
16 38 85 1 
21 86 45 99 
74 30 93 73 
27 98 55 35 
12 24 83 38 
56 24 97 27 
39 27 41 47 
75 9 81 82 
1 88 7 16 
32 26 38 18 
95 75 0 80 
78 40 62 92 
93 84 23 23 
87 81 91 92 
41 57 62 93 
45 98 24 64 
49 10 71 39 
90 39 3 85 
85 64 43 81 
23 17 49 99 
65 49 54 90 
86 57 95 19 
96 15 75 75 
64 44 72 97 
51 35 31 67 
68 22 1 54 
81 37 37 22 
38 10 68 23 
7 62 28 96 
43 34 77 91 
15 52 43 75 
63 28 21 41 
91 46 29 87 
85 81 31 42 
47 99 8 49 
31 17 28 24
43
46 51 67 1 
15 76 53 16 
58 39 52 15 
79 26 90 53 
16 96 30 91 
80 80 37 25 
31 86 48 43 
25 28 72 42 
70 56 28 11 
60 20 26 15 
93 12 29 46 
29 15 63 21 
9 55 33 23 
41 89 5 65 
13 41 69 29 
27 9 91 29 
66 9 44 22 
97 79 93 95 
70 15 98 67 
50 91 96 16 
22 27 34 70 
95 48 0 81 
51 62 97 18 
50 97 87 84 
21 0 79 19 
70 41 24 30 
62 37 53 26 
91 38 14 22 
45 53 6 0 
74 21 33 18 
9 63 71 34 
81 74 45 72 
28 14 46 50 
11 76 45 81 
3 4 8 58 
95 74 90 13 
47 75 72 97 
90 86 9 0 
66 61 10 7 
70 89 48 87 
91 80 98 77 
91 64 11 68 
7 24 97 69 
31 17 22 30
17
73 57 86 6 
1 48 81 41 
4 46 84 49 
66 38 11 13 
55 20 66 15 
76 13 21 83 
63 4 89 66 
89 40 87 90 
39 75 33 12 
2 42 85 43 
98 56 72 45 
80 61 1 69 
12 83 13 92 
9 7 57 60 
36 3 42 97 
58 15 51 64 
58 93 10 91 
30 19 21 30
7
35 22 16 19 
40 75 2 2 
2 20 53 5 
26 95 81 31 
17 73 75 98 
0 88 85 83 
5 8 86 86 
35 11 26 28
7
72 0 56 86 
90 38 20 60 
0 39 95 38 
61 46 37 63 
12 78 73 30 
23 12 12 47 
37 33 14 31 
38 11 25 26
45
55 40 32 25 
38 94 40 79 
53 15 97 60 
93 46 21 58 
71 23 74 73 
37 34 89 59 
88 9 49 57 
23 88 71 84 
89 3 82 20 
13 12 25 18 
37 93 77 8 
14 52 54 90 
11 56 60 65 
41 77 54 21 
51 72 37 28 
45 83 55 64 
43 13 71 89 
64 0 44 58 
97 56 35 43 
57 81 44 35 
55 58 45 67 
28 6 43 11 
49 61 69 41 
74 97 73 54 
38 12 65 1 
80 64 26 11 
11 1 68 84 
41 10 63 70 
27 1 72 86 
37 87 36 37 
69 59 40 2 
30 3 84 99 
83 81 5 45 
15 43 55 91 
31 34 55 27 
37 58 69 39 
97 99 13 73 
25 86 16 50 
75 28 32 21 
24 24 80 8 
17 68 1 60 
5 18 54 84 
46 80 54 2 
31 9 99 11 
89 1 4 30 
39 11 27 23
48
64 54 69 87 
11 34 67 7 
54 47 9 68 
56 9 33 78 
45 28 26 44 
31 13 19 66 
28 20 31 23 
19 49 18 6 
94 5 95 50 
49 66 73 12 
13 47 48 84 
99 30 54 80 
67 26 85 61 
83 30 64 51 
35 2 58 90 
2 44 88 4 
29 3 74 51 
14 82 29 78 
54 14 30 84 
64 34 66 98 
66 51 55 93 
63 56 22 64 
40 44 15 46 
7 83 9 69 
59 44 55 96 
56 2 66 84 
96 6 7 69 
99 80 86 0 
35 60 24 51 
88 94 40 72 
80 9 11 70 
67 82 70 71 
5 61 25 20 
79 70 41 63 
84 71 96 57 
49 53 65 59 
57 15 10 47 
59 57 80 64 
3 82 15 46 
91 95 17 14 
35 35 64 38 
55 66 21 65 
18 60 66 17 
98 83 23 27 
44 52 12 52 
71 23 12 47 
80 60 16 97 
54 95 72 88 
35 18 22 25
7
88 26 4 91 
93 45 28 98 
91 63 66 20 
58 88 2 39 
83 65 43 12 
22 17 58 94 
49 24 11 23 
38 17 26 19
8
61 10 38 17 
47 21 58 26 
94 14 55 16 
93 96 38 66 
93 32 5 88 
38 8 90 71 
68 9 42 69 
33 5 10 13 
30 15 25 30
24
49 84 91 62 
6 16 17 8 
61 41 0 53 
85 45 30 55 
72 74 77 53 
19 67 48 38 
79 89 92 89 
4 42 16 43 
37 90 16 8 
41 43 82 21 
91 82 10 27 
8 88 83 88 
74 54 41 25 
73 5 28 82 
35 52 83 17 
24 28 4 19 
24 57 15 95 
28 21 14 28 
92 55 61 36 
57 21 30 90 
5 4 14 49 
0 90 69 32 
61 34 72 88 
59 64 97 63 
