31 13 25 31
18
64 59 71 45 
74 97 83 84 
40 81 93 14 
82 70 21 6 
42 37 96 92 
83 31 90 76 
82 88 11 39 
29 84 28 37 
47 52 45 15 
52 56 93 65 
1 73 9 84 
1 83 46 64 
79 93 95 77 
35 65 53 33 
68 95 62 86 
86 43 54 56 
52 56 67 29 
25 6 54 85 
34 13 29 24
5
21 5 74 99 
41 46 60 36 
88 51 2 81 
99 11 46 57 
93 7 79 57 
31 15 23 31
23
16 17 39 72 
39 10 33 4 
74 43 12 62 
20 63 44 39 
83 18 67 1 
53 85 30 13 
60 96 91 37 
51 33 90 68 
73 29 83 24 
7 87 96 78 
17 97 7 55 
99 83 36 30 
62 40 74 1 
84 30 91 31 
86 25 12 42 
18 96 53 40 
53 43 88 91 
80 20 31 96 
21 89 83 56 
77 75 14 76 
60 60 74 10 
59 88 83 42 
37 51 37 81 
37 15 25 23
11
43 67 1 56 
94 45 49 41 
8 77 80 95 
47 35 54 11 
11 36 82 58 
21 42 80 65 
59 45 53 28 
82 49 21 66 
29 62 12 9 
74 57 81 14 
10 32 1 81 
30 18 29 23
2
97 26 69 38 
71 1 99 1 
38 13 29 20
25
91 21 59 59 
56 13 66 85 
22 44 36 54 
54 67 47 88 
40 99 56 71 
50 51 31 55 
80 82 94 27 
62 11 23 37 
61 32 23 89 
73 42 25 95 
21 10 79 53 
89 15 83 4 
54 11 60 87 
79 24 98 40 
89 3 78 73 
18 39 22 11 
21 99 92 22 
44 57 14 98 
74 61 50 39 
72 77 66 64 
99 90 72 51 
51 35 58 36 
33 83 99 70 
63 51 77 82 
88 68 31 90 
32 16 26 26
48
96 62 13 18 
74 59 68 12 
37 14 74 27 
66 71 60 85 
41 56 88 61 
57 44 34 22 
83 68 51 4 
45 75 41 37 
30 75 54 88 
22 39 61 74 
15 87 33 49 
76 49 16 16 
7 46 49 66 
72 99 39 51 
28 90 34 6 
8 63 66 61 
73 36 97 90 
16 71 62 1 
94 14 46 70 
11 84 45 34 
52 34 96 99 
26 74 65 30 
36 3 60 32 
4 55 65 51 
21 71 76 40 
51 25 0 36 
84 47 71 57 
53 69 40 43 
44 0 54 73 
67 67 35 98 
71 67 54 13 
10 30 97 39 
48 95 48 39 
8 5 83 26 
34 59 15 78 
3 7 77 67 
62 17 87 4 
0 92 83 54 
36 77 68 84 
71 86 25 54 
50 32 8 58 
20 1 34 39 
17 27 39 7 
52 57 95 63 
89 87 51 93 
42 93 38 56 
11 94 3 31 
36 98 55 47 
33 16 22 29
35
98 19 46 61 
82 47 86 72 
52 75 2 78 
82 4 94 84 
35 32 11 56 
93 52 46 26 
97 3 2 18 
72 91 73 91 
29 24 64 70 
40 89 10 94 
6 66 3 36 
92 24 49 32 
4 70 12 1 
49 71 77 46 
72 20 63 79 
45 68 99 61 
1 11 49 57 
39 24 43 45 
21 16 50 27 
48 10 33 73 
54 70 14 2 
79 72 41 57 
46 18 97 20 
26 31 49 37 
66 42 34 81 
74 91 92 79 
26 66 79 32 
20 50 98 62 
86 89 24 74 
54 97 82 29 
69 91 10 21 
26 23 19 90 
67 12 61 6 
75 52 99 62 
78 34 75 12 
39 10 23 28
48
19 35 33 36 
7 74 83 68 
59 5 11 82 
81 70 53 3 
46 89 65 8 
89 92 86 34 
90 61 96 19 
22 69 35 60 
54 13 2 91 
90 82 83 93 
28 93 46 70 
40 16 81 7 
80 72 65 4 
43 29 7 27 
48 99 46 45 
77 63 45 89 
69 51 27 67 
68 62 12 64 
5 72 79 96 
45 16 93 73 
80 89 39 50 
3 31 16 25 
6 74 42 91 
36 38 15 65 
47 56 0 89 
89 13 38 18 
59 1 98 71 
49 11 82 32 
6 73 64 88 
24 94 85 37 
34 2 61 94 
19 21 27 67 
56 14 48 88 
15 3 84 66 
50 20 91 2 
33 44 75 94 
92 10 84 63 
73 26 40 52 
71 63 55 87 
52 44 99 38 
74 30 14 35 
63 93 16 2 
88 98 38 4 
3 83 4 89 
26 66 1 8 
36 64 94 29 
73 95 17 52 
47 96 13 5 
32 15 22 31
2
30 40 31 98 
93 81 74 75 
