32 18 28 22
21
43 68 63 94 
63 59 82 97 
90 96 1 2 
92 83 76 63 
35 5 26 64 
95 71 60 99 
84 67 72 98 
68 19 61 89 
30 2 61 2 
86 73 85 40 
39 14 77 38 
29 20 7 21 
33 98 15 19 
58 16 47 72 
7 64 9 95 
86 83 28 71 
34 12 72 89 
22 73 76 62 
19 85 25 80 
93 21 69 64 
59 50 65 70 
30 14 23 33
7
54 88 95 22 
63 89 53 55 
85 6 4 17 
47 17 99 59 
21 52 99 72 
91 66 79 85 
94 44 36 35 
31 15 26 28
45
81 58 35 33 
77 54 98 30 
32 69 95 86 
17 52 16 41 
51 5 48 50 
43 58 22 88 
9 10 28 19 
53 17 37 26 
39 13 36 89 
82 66 82 67 
54 69 40 21 
71 93 68 41 
28 94 84 11 
10 16 48 22 
35 46 23 67 
25 79 76 14 
31 68 47 4 
16 27 58 85 
23 81 96 73 
18 1 16 16 
41 86 90 59 
33 25 16 22 
64 13 53 36 
42 14 41 74 
92 25 90 3 
45 64 25 0 
35 98 88 29 
19 74 4 34 
30 7 26 39 
88 16 80 5 
52 24 39 2 
74 22 42 9 
39 21 80 92 
11 13 70 77 
61 89 24 34 
37 86 2 89 
9 18 5 34 
88 2 85 76 
44 84 50 20 
24 23 26 12 
55 78 89 98 
93 11 23 16 
36 49 78 98 
92 46 67 65 
22 49 93 55 
31 10 22 37
19
36 4 47 26 
62 50 52 38 
63 11 78 59 
97 4 95 97 
94 89 98 39 
24 86 83 98 
16 85 98 75 
29 70 95 48 
57 51 62 89 
64 96 54 86 
96 39 35 81 
67 8 68 17 
53 95 60 27 
9 82 13 49 
21 49 10 76 
51 76 8 92 
15 30 2 45 
42 6 33 98 
34 11 42 84 
35 10 23 32
4
17 80 21 33 
9 68 38 74 
38 12 67 15 
86 77 35 19 
33 14 26 27
18
6 22 75 46 
62 62 93 98 
40 29 97 19 
17 3 59 71 
55 74 83 47 
92 27 7 29 
39 18 12 57 
76 22 52 8 
35 95 0 94 
4 74 71 47 
74 39 34 8 
15 48 97 83 
17 63 64 56 
59 18 43 79 
15 45 7 44 
50 35 22 17 
76 88 83 22 
2 65 66 80 
30 13 27 30
27
93 98 14 90 
20 29 39 12 
57 95 49 17 
51 21 78 58 
66 27 96 39 
16 16 32 26 
64 75 80 52 
97 83 53 23 
46 90 86 17 
31 16 23 21 
96 10 60 80 
39 66 70 80 
87 7 14 76 
39 33 36 76 
65 88 26 45 
48 87 14 74 
42 26 71 60 
35 60 27 49 
3 75 43 6 
56 51 86 98 
4 0 64 90 
69 77 83 12 
54 9 51 42 
90 77 73 8 
95 85 38 13 
94 10 44 26 
79 64 72 64 
39 12 21 28
7
1 28 41 47 
22 24 4 64 
42 58 6 26 
8 84 59 25 
1 34 10 70 
13 73 3 93 
56 38 10 4 
30 11 22 37
13
89 37 41 62 
36 25 85 71 
81 74 71 35 
4 18 17 95 
5 46 62 55 
18 49 1 28 
24 47 91 84 
13 99 58 23 
36 81 36 71 
43 96 89 76 
48 39 89 38 
2 67 89 37 
20 15 99 58 
35 16 20 29
20
36 12 37 88 
34 1 57 81 
15 47 99 22 
82 46 51 8 
57 86 7 79 
59 62 26 57 
57 53 64 98 
0 0 66 69 
74 95 34 31 
59 0 41 47 
82 8 23 54 
67 67 55 73 
63 91 1 70 
59 27 80 74 
85 80 31 81 
36 58 80 15 
81 29 48 86 
11 19 49 56 
45 59 96 51 
38 72 89 90 
