39 10 21 30
26
33 77 6 7 
86 5 78 4 
36 63 77 95 
7 46 25 93 
78 14 95 18 
67 17 77 97 
6 74 8 79 
87 80 38 25 
76 62 95 13 
57 94 7 17 
15 30 26 18 
75 64 93 45 
82 80 48 80 
8 1 83 15 
99 9 1 12 
96 98 17 55 
24 51 19 44 
50 11 35 83 
7 77 2 36 
90 59 22 42 
80 63 96 6 
32 58 17 75 
79 80 13 48 
93 95 21 16 
13 71 93 23 
44 49 95 70 
34 16 27 23
16
98 46 24 39 
86 59 31 33 
2 10 23 65 
34 44 64 70 
98 87 90 11 
56 85 23 19 
66 98 97 30 
68 25 61 67 
85 86 77 32 
55 73 61 34 
63 87 14 3 
47 27 89 0 
84 25 72 57 
74 61 73 12 
23 5 73 87 
61 1 65 76 
34 15 28 23
24
67 32 14 24 
25 56 48 68 
71 20 72 38 
9 96 45 43 
53 3 92 23 
12 64 9 50 
99 74 72 62 
22 38 54 90 
46 42 33 52 
10 48 32 18 
12 5 41 2 
32 35 78 65 
55 22 22 44 
63 57 34 2 
22 63 24 50 
83 86 45 32 
66 82 91 66 
62 93 32 4 
71 74 10 7 
23 6 18 64 
95 7 7 0 
15 9 26 89 
7 31 29 46 
23 81 34 26 
35 10 23 32
25
44 11 2 61 
89 18 73 89 
46 26 79 16 
45 60 55 76 
79 45 17 56 
55 1 59 31 
63 85 80 89 
40 84 48 14 
69 67 19 83 
4 45 11 97 
35 37 42 80 
52 13 0 63 
26 57 46 13 
90 79 94 42 
52 70 98 3 
37 84 49 62 
78 64 46 78 
40 71 71 34 
34 20 21 18 
58 78 79 49 
85 17 62 82 
37 34 24 90 
72 77 31 34 
47 7 60 51 
87 80 2 87 
36 12 22 30
27
86 12 79 70 
58 76 83 73 
91 48 18 19 
21 67 25 43 
40 56 5 63 
39 37 87 26 
60 69 31 78 
76 91 82 62 
93 7 95 24 
54 53 31 96 
93 57 43 98 
88 40 30 20 
54 58 47 11 
16 60 15 48 
25 52 10 89 
45 5 97 99 
65 55 26 13 
71 0 88 86 
24 9 69 81 
94 88 38 19 
39 10 23 17 
44 70 46 33 
92 47 98 1 
42 41 50 88 
60 43 33 32 
14 16 48 54 
70 60 86 6 
39 13 25 23
19
14 90 49 34 
81 80 54 95 
9 92 20 24 
2 86 43 83 
59 81 21 50 
55 5 5 22 
62 69 47 83 
84 39 42 59 
93 61 87 52 
92 16 7 80 
89 37 23 21 
96 24 52 83 
17 3 47 9 
11 3 82 9 
84 27 72 11 
33 71 10 70 
49 60 30 40 
99 91 91 42 
73 41 61 17 
38 18 22 22
19
17 63 66 80 
91 32 47 90 
78 78 67 64 
44 95 46 17 
27 52 71 35 
93 11 83 25 
12 4 35 70 
41 65 26 0 
0 34 94 69 
5 29 78 17 
13 40 61 21 
23 26 98 78 
94 44 89 29 
12 90 43 6 
79 40 68 86 
96 77 48 13 
51 67 63 9 
0 77 11 97 
74 54 22 53 
34 16 20 30
43
5 57 75 97 
75 96 87 9 
90 88 89 65 
61 91 20 36 
91 48 69 56 
62 89 77 17 
32 92 55 58 
68 90 56 16 
38 81 81 39 
1 51 38 55 
79 54 19 12 
87 46 35 83 
34 86 62 0 
93 45 24 16 
79 58 65 82 
41 29 41 99 
31 72 26 79 
10 80 34 40 
10 14 77 8 
69 65 29 85 
57 72 23 82 
28 55 23 93 
57 64 60 42 
86 55 13 49 
13 19 81 14 
19 55 72 53 
51 22 90 79 
67 15 47 13 
28 79 25 69 
6 58 71 75 
49 33 22 46 
19 92 53 54 
0 28 95 49 
83 15 65 1 
99 69 31 6 
65 43 25 41 
16 46 13 6 
29 43 43 54 
47 6 64 86 
33 26 34 58 
68 35 78 39 
20 97 30 13 
13 24 70 36 
32 16 20 32
4
8 80 29 72 
78 46 25 57 
85 40 1 77 
50 79 68 72 
33 17 23 27
15
64 86 20 19 
16 0 93 5 
73 6 28 81 
96 58 78 52 
97 61 79 21 
10 21 54 80 
95 52 62 34 
55 97 0 53 
28 80 41 22 
59 10 56 78 
53 19 83 78 
11 20 81 92 
1 15 75 74 
93 16 19 43 
31 40 23 64 
